TRAJECTORY_SIZE: 551
TIMESTEP: 100.0
TRJLENGTH: 284500.0
TRJBEGIN: 0.0
TRJEND: 284500.0
BINDINGEQ: '50000'
TEMPERATURE: 298.0
COMPOSITION:
  POPC: '200'
  dibucaine: '16'
  TIP3: '9059'
  CLA: '16'
ANALYSIS:
  BOX_DIMENSIONS:
    REPEAT_DISTANCE: 7.9424579989630555
    AREA_PER_LIPID: 0.6591485062195468
  ORDER_PARAMETER:
    alpha1: 0.015799563677094165
    alpha1_error: 0.0015244278327704811
    alpha2: 0.019781262944904864
    alpha2_error: 0.0014696707875664606
    beta1: -0.07705437902569902
    beta1_error: 0.001228305432923987
    beta2: -0.07937993804305854
    beta2_error: 0.0013909367041990465
